2763.24	2889.62	2720.61	860575000	45535800000	2875.34
2724.39	2758.53	2644.85	705943000	44890700000	2757.18
2807.02	2808.76	2692.8	803746000	46246700000	2726.45
2679.73	2897.45	2679.73	1380100000	44144400000	2809.01
2538.71	2693.32	2529.34	789104000	41816500000	2671.78
2577.77	2610.76	2450.8	937404000	42455000000	2529.45
2757.5	2768.08	2480.96	1460090000	45410100000	2576.48
2732.7	2777.26	2699.19	866474000	44995600000	2754.86
2808.1	2832.18	2653.94	1072840000	46231100000	2730.4
2668.63	2862.42	2657.71	1177130000	43929600000	2810.12
2838.41	2838.41	2621.85	1489450000	46719000000	2667.76
2269.89	2900.7	2269.89	2249260000	37356800000	2817.6
2323.08	2397.17	2260.23	1245100000	38227800000	2273.43
2233.52	2387.61	2164.77	1512450000	36749400000	2318.88
1932.62	2230.49	1932.62	1201760000	31795000000	2228.41
1991.98	2058.77	1843.03	1182870000	32767600000	1929.82
2230.12	2231.14	1990.41	993608000	36681300000	1998.86
2360.59	2363.25	2183.22	882503000	38823100000	2233.34
2402.7	2425.22	2340.83	835770000	39511000000	2357.9
2332.77	2423.71	2275.14	1117410000	38355900000	2398.84
2385.89	2413.47	2296.81	1329760000	39224200000	2337.79
2525.25	2537.16	2321.13	1111200000	41509000000	2372.56
2572.61	2635.49	2517.59	527856000	42283200000	2518.44
2520.27	2571.34	2492.31	733330000	41417700000	2571.34
2608.59	2916.14	2498.87	917412000	42864200000	2518.66
2608.1	2616.72	2581.69	761957000	42851400000	2608.56
2602.87	2622.65	2538.55	941566000	42760800000	2601.99
2561	2631.59	2559.35	985516000	42067900000	2601.64
2498.56	2595	2480.47	964112000	41037200000	2564.06
2436.4	2514.28	2394.84	803747000	40010500000	2506.47
2492.6	2515.27	2419.23	779914000	40928200000	2434.55
2539.24	2559.25	2478.43	860273000	41689100000	2480.84
2567.56	2588.83	2510.48	949979000	42150300000	2539.32
2553.03	2603.98	2484.42	1183870000	41906700000	2574.79
2478.45	2552.45	2332.99	1489790000	40677900000	2552.45
2590.57	2615.25	2376.29	1663280000	42514000000	2478.45
2607.25	2682.26	2552.12	1161100000	42783800000	2589.41
2738.52	2757.94	2583.19	982750000	44932900000	2608.72
2707.34	2765.17	2706.37	961319000	44415900000	2744.91
2691.03	2723.74	2642.36	1097940000	44143700000	2705.41
2709.43	2772.01	2660.4	1626580000	44440800000	2689.1
2591.26	2763.45	2589.82	1854190000	42498000000	2721.79
2549.03	2662.85	2549.03	1446840000	41800600000	2589.6
2655.35	2662.1	2516.33	1178660000	43539300000	2548.29
2514.01	2685.19	2484.96	1534510000	41217200000	2655.88
2469.57	2539.92	2385.15	1195190000	40484100000	2518.56
2499.58	2534.71	2212.96	2026260000	40971300000	2464.58
2716.88	2786.83	2412.94	1696560000	44528300000	2506.37
2680.91	2789.04	2650.38	1781200000	43934100000	2717.02
2953.22	2997.26	2518.56	2569530000	48391200000	2659.63
2942.41	2996.6	2840.53	1752400000	48208700000	2958.11
2828.14	2950.99	2746.55	2018890000	46331400000	2947.71
2807.44	2901.71	2795.62	1348950000	45987100000	2823.81
2720.49	2815.3	2670.95	1281170000	44557100000	2805.62
2869.38	2869.38	2700.56	1517710000	46989800000	2732.16
2690.84	2999.91	2690.84	2089610000	44061000000	2863.2
2512.4	2686.81	2510.22	1369310000	41133900000	2686.81
2547.79	2585.89	2452.54	1355120000	41708200000	2511.81
2493.72	2581.91	2423.57	1514950000	40817100000	2515.35
2404.03	2488.55	2373.32	1317030000	39344600000	2488.55
2288.33	2448.39	2288.33	1653180000	37446200000	2407.88
2187.19	2311.08	2145.57	1544830000	35786700000	2286.41
2255.36	2301.96	2124.57	1443970000	36897000000	2175.47
2159.43	2307.05	2107.17	994625000	35323500000	2255.61
2054.08	2267.34	2054.08	1147140000	33595900000	2155.8
2196.27	2260.2	1855.83	1700480000	35917100000	2038.87
2320.89	2573.79	2071.99	1763480000	37950600000	2202.42
2446.24	2763.71	2285.3	2406700000	39995400000	2304.98
2321.37	2523.72	2321.37	1725380000	37949200000	2443.64
2191.56	2320.82	2178.5	1378750000	35822600000	2320.42
2043.19	2303.9	2017.87	1942220000	33393600000	2173.4
2067.03	2119.08	2037.5	1147860000	33779400000	2041.2
1984.24	2084.73	1974.92	961336000	32422400000	2084.73
1897.37	2004.52	1890.25	1157290000	30999000000	1987.71
1818.7	1904.48	1807.12	894321000	29710500000	1888.65
1726.73	1864.05	1661.91	1064730000	28204800000	1839.09
1741.7	1785.94	1686.54	959045000	28446300000	1734.45
1808.44	1812.8	1708.54	731529000	29532600000	1738.43
1800.86	1831.42	1776.62	437196000	29405100000	1808.91
1723.12	1812.99	1651.08	579635000	28132300000	1804.91
1845.76	1856.15	1694.01	740984000	30131100000	1724.24
1780.37	1873.93	1755.35	799490000	29060600000	1848.57
1756.52	1788.44	1719.1	915723000	28668100000	1787.13
1723.89	1833.49	1716.3	1167920000	28132200000	1755.36
1596.92	1723.35	1596.92	1340320000	26056500000	1723.35
1579.47	1596.72	1559.76	1080030000	25768500000	1596.71
1556.81	1578.8	1542.5	582530000	25395600000	1578.8
1540.87	1618.03	1530.31	946036000	25133100000	1555.45
1490.72	1608.91	1490.72	933549000	24311900000	1537.67
1453.78	1492.77	1447.49	583796000	23707100000	1490.09
1421.03	1473.9	1415.69	477338000	23170200000	1452.82
1348.3	1434.32	1348.3	713624000	21981800000	1421.6
1321.87	1347.91	1314.92	413115000	21548400000	1347.89
1317.84	1327.2	1315.21	422706000	21479800000	1321.79
1317.74	1331.28	1292.37	527489000	21476000000	1316.48
1281.88	1319.7	1281.3	449197000	20889200000	1317.73
1265.99	1294.83	1265.93	329631000	20627900000	1281.08
1250.45	1267.58	1249.97	242556000	20372300000	1265.49
1209.63	1250.94	1209.63	235806000	19705400000	1250.15
1231.92	1232.2	1203.94	258951000	20066200000	1207.21
1222.71	1235.56	1208.47	249320000	19913900000	1231.71
1229.42	1235.94	1215.56	272167000	20020700000	1222.05
1211.08	1240.79	1208.41	315108000	19719900000	1229.08
1212.13	1215.51	1205.08	288061000	19734800000	1210.29
1193.77	1217.57	1193.77	270524000	19433800000	1211.67
1183.25	1194.9	1172.65	253206000	19260500000	1193.91
1172.61	1187.22	1172.61	183231000	19085100000	1182.94
1167.3	1188	1164.96	203559000	18996500000	1172.52
1170.33	1190.8	1159.79	254827000	19043800000	1167.54
1201.02	1205.89	1156.44	351969000	19541300000	1169.28
1204.81	1207.14	1196.76	288702000	19600800000	1200.37
1187.46	1208.07	1187.46	216182000	19316000000	1205.01
1187.3	1190.34	1179.04	215883000	19311200000	1187.13
1176.57	1197.21	1171.86	242343000	19134400000	1187.87
1172.65	1184.98	1162.58	209312000	19068600000	1175.95
1178.94	1186.58	1163.39	317022000	19168500000	1176.9
1125.81	1188.37	1125.81	511222000	18302600000	1182.68
1134.14	1135.09	1113.63	414784000	18435700000	1124.78
1145.52	1156.44	1120.52	436310000	18619000000	1133.25
1102.95	1151.74	1102.95	580444000	17924600000	1143.81
1080.61	1107.59	1075.45	514187000	17559400000	1102.17
1071.71	1091.72	1061.09	289634000	17413000000	1080.5
1026.64	1074.92	1026.64	447287000	16679000000	1071.79
1042.21	1049.29	1020.04	352969000	16929800000	1026.43
1046.08	1055.13	1015.88	298458000	16990900000	1039.97
1044.58	1064.65	1027.73	326332000	16964500000	1047.15
972.05	1046.4	971.98	372535000	15785000000	1045.77
974.01	1007.96	954.19	303668000	15814800000	966.73
936.54	975.76	903.71	435803000	15204800000	972.78
1038.45	1040.47	934.36	491038000	16857000000	937.52
1050.05	1058.01	1028.93	248540000	17043400000	1038.59
1120.65	1120.65	1014.21	380841000	18187100000	1049.14
1055.36	1122.43	1055.36	337391000	17125600000	1120.54
1037.24	1063.03	1036.68	286530000	16829800000	1054.23
976.73	1069.91	976.73	406648000	15846000000	1036.74
1099.69	1114.07	957.65	621302000	17838700000	973.82
1180.16	1180.16	1099.57	706599000	19141800000	1100.23
1251.33	1257.98	1152.44	638568000	20293700000	1187.81
1240.16	1251.61	1239.75	297805000	20110400000	1249.61
1232.16	1244.81	1220.72	245306000	19978200000	1240
1221.78	1237.37	1217.03	380277000	19807700000	1231.92
1176.62	1226.98	1175.36	227176000	19073300000	1221.38
1116.32	1193.83	1116.32	283320000	18093700000	1175.83
1189.36	1270.47	1077.25	563796000	19275300000	1116.72
1150.35	1197.46	1141.23	212283000	18640900000	1188.49
1223.23	1232.16	1148.08	332603000	19819800000	1150
1273.21	1275.55	1204.8	291256000	20627100000	1223.54
1267.47	1276	1264.6	153657000	20531900000	1272.83
1254.29	1267.29	1238.06	134127000	20316000000	1267.12
1277.43	1279.4	1230.51	183270000	20688800000	1255.15
1250.71	1280.31	1250.71	315739000	20253700000	1274.99
1224.68	1262.13	1215.62	368275000	19829800000	1251.01
1180.04	1222.5	1179.69	229057000	19104800000	1222.5
1180.72	1193.25	1171.82	184956000	19113600000	1179.97
1163.78	1181.98	1163.38	131570000	18837300000	1179.97
1144.27	1167.47	1130.2	116486000	18518900000	1165.2
1170.41	1174.85	1124.59	139961000	18939500000	1143.84
1172.71	1200.39	1131.96	330759000	18974400000	1173.68
1117.27	1176.62	1116.96	189454000	18075200000	1166.72
1114.8	1125.39	1100.55	136100000	18033400000	1117.44
1079.28	1117.25	1076.93	186869000	17456900000	1115.3
1048.69	1080.49	1041.69	109478000	16960200000	1079.98
1054.76	1056.81	1043.46	77423300	17056600000	1047.87
1049.21	1061.1	1046.96	99073500	16964800000	1054.42
1026.12	1053.17	1025.64	136474000	16589600000	1046.21
1007.65	1033.37	1007.65	122277000	16289100000	1027.44
1006.21	1008.84	1001.58	89759400	16264100000	1007.48
991.74	1011.51	986.47	137946000	16028000000	1004.55
998.88	1002.1	976	100607000	16141500000	990.64
1003.52	1004.76	996.92	67530000	16214700000	999.18
988.9	1009.29	982.83	102261000	15976700000	1004.45
995.63	998.9	946.69	190452000	16083600000	988.67
1064.7	1088.99	953.34	407220000	17197100000	994.38
1062.32	1078.97	1037.49	201855000	17156700000	1063.07
1040.14	1061.93	1040.14	146007000	16796600000	1061.35
1028.4	1044.64	1028.16	111762000	16605400000	1038.15
1043.52	1043.63	1022.37	114208000	16847400000	1027.34
1031.33	1045.9	1015.16	155064000	16648800000	1042.9
1011.46	1033.87	1008.79	201278000	16326100000	1029.91
990	1013.52	983.22	145821000	15977800000	1011.8
970.94	989.11	970.74	150110000	15667900000	989.02
920.96	972.02	920.96	164582000	14859700000	970.4
920.15	923.05	919.47	78227300	14844900000	920.38
922.07	923.42	919.15	60851700	14874000000	919.5
919.81	923.91	919.81	68979600	14835800000	921.59
918.36	923.22	915.85	125594000	14810400000	919.75
902.39	919.33	902.22	131958000	14551200000	917.59
891.92	903.25	891.69	120831000	14380700000	901.54
910.68	924.14	892.29	111349000	14681400000	892.69
925.5	928.27	916.74	73588600	14918800000	921.01
922.21	937.52	897.56	116573000	14863600000	924.67
895.55	927.37	895.53	111158000	14432000000	921.79
898.17	899.4	887.01	86728400	14472100000	895.03
888.34	904.61	884.34	105625000	14311700000	899.07
909.37	917.5	858.3	225677000	14648900000	886.62
830.95	910.56	830.8	155095000	13383900000	907.94
821.78	834.53	820.27	82755200	13234600000	831.53
818.14	823.31	812.87	71013600	13174300000	821.8
825.14	835.09	812.46	93063300	13285200000	818.41
803.74	829	780	168968000	12939100000	823.98
775.18	826.25	755.76	222326000	12477600000	804.83
908.12	919.45	762.76	310929000	14615700000	777.76
902.44	914.87	901.06	115808000	14522600000	907.68
913.24	913.69	879.81	141877000	14694900000	902.83
908.17	942.72	887.25	158715000	14611400000	911.2
903.49	908.59	823.56	279550000	14534400000	908.59
1014.24	1046.81	883.94	351876000	16314100000	902.2
1156.73	1191.1	910.42	510199000	18604000000	1013.38
1044.4	1159.42	1044.4	344946000	16795400000	1154.73
1021.6	1044.08	1021.6	185168000	16426600000	1043.84
998.62	1031.39	996.7	222185000	16055100000	1021.75
963.66	1003.08	958.7	147775000	15491200000	998.33
960.63	963.74	947.24	99135100	15440700000	963.74
972.53	972.53	934.83	187474000	15630200000	961.24
975.13	979.4	954.5	199320000	15670000000	973.5
934.83	975.92	934.83	236630000	15020500000	975.92
908.35	940.05	904.25	167308000	14593300000	933.2
896.9	913.18	896.9	123771000	14407800000	907.61
899.65	899.65	862.42	143665000	14450100000	896.18
922.18	923.48	886.34	137727000	14810300000	898.82
864.89	925.12	864.68	275564000	13888600000	921.98
834.18	875.78	834.15	200027000	13393800000	864.54
800.64	834.28	799.4	155576000	12853700000	834.28
792.25	801.34	791.5	99629300	12717600000	800.88
790.69	793.61	790.32	74886400	12691100000	792.71
791.01	794.74	788.03	60524400	12694800000	790.53
785.17	792.51	784.86	78989800	12599600000	790.83
778.96	785.03	778.96	83608200	12498800000	784.91
780.07	781.43	777.8	81580100	12511700000	778.09
780	782.03	776.84	75979000	12512900000	781.48
780.65	788.46	777.96	81645600	12521500000	780.56
770.04	781.92	770.04	76571000	12349800000	780.09
774.75	774.8	765.41	57313400	12423600000	769.73
773.02	777.09	772.91	53843100	12394500000	774.65
769.94	774.53	769.65	68705300	12344000000	772.79
768.08	774.7	765.95	80111900	12312500000	770.81
764.21	771.54	759.75	96426100	12248900000	768.13
758.72	765.62	758.72	116218000	12159400000	764.22
773.39	773.47	751.71	106363000	12393100000	758.7
771.64	773.87	768.16	60557900	12363600000	773.87
778.25	778.25	764.86	69547300	12467800000	771.15
757.54	781.3	757.54	127605000	12134800000	777.94
746.05	758.27	746.05	80461900	11949200000	756.77
736.28	747.93	736.26	84070800	11791600000	745.69
736.33	737.47	734.56	68511100	11790900000	735.6
732.48	738.01	732.48	61888600	11727800000	735.81
735.44	739.02	731.09	52601800	11773800000	732.03
741.51	742.21	729.63	54962700	11869600000	735.38
740.44	741.65	734.59	67807600	11851100000	741.65
744.62	746.83	733.49	85919300	11916500000	740.29
751.74	752.25	738.92	76543800	12029000000	744.59
739.64	753.87	736.53	129906000	11834200000	751.35
731.26	741.72	730.51	60802400	11698900000	739.25
751.88	755.48	717.94	154116000	12027500000	731.03
751.83	756.24	744.47	110608000	12025400000	751.62
740.71	752.88	736.89	87363100	11846000000	751.59
744.88	755.64	739.51	108579000	11911300000	740.98
711.17	747.62	709.04	141294000	11370700000	744.2
705.79	715.72	705.26	72038500	11283400000	711.62
702	706.28	699.81	62993000	11214600000	705.02
705.2	705.26	687.32	80318100	11264500000	702.03
716.75	717.15	704.03	64622500	11447700000	705.05
715.55	718.32	714.41	63119700	11427200000	716.41
722.84	723.02	711.21	68807800	11542100000	715.53
709.83	740.05	708.61	132429000	11333000000	723.27
703.09	712.99	702.39	79660800	11224000000	709.85
710.74	710.74	699.9	65047100	11344800000	703.13
703.81	714.26	699.56	59902200	11233000000	711.52
703.52	707.51	697.74	53752300	11227200000	703.42
689.12	706.93	685.56	99907700	10996400000	703.24
742.35	745.77	678.16	172808000	11844300000	688.7
730.07	740.83	722.35	84865200	11647200000	740.83
701.34	736.45	701.34	130527000	11187700000	729.79
702.64	709.29	691.68	97064400	11207200000	700.97
714.12	714.12	696.48	100665000	11388800000	701.86
690.29	720.4	690.05	134761000	11007600000	714.48
688	690.44	684.16	81145500	10969800000	689.65
678.21	688.59	678.04	96105300	10812500000	688.31
657.68	679.73	657.68	88877100	10484000000	678.3
654	664.42	653.7	90378800	10424300000	657.59
657.16	657.25	652.6	62218200	10473500000	653.76
657.62	661.13	653.89	54474600	10479700000	657.07
633.14	658.2	632.85	78556500	10088400000	657.29
630.83	634.09	630.69	55951000	10050300000	632.83
630.66	631.92	628.26	56957300	10046700000	630.86
638.13	638.87	628.01	69381700	10164800000	630.52
639.41	640.74	636	65546700	10184000000	637.96
641.82	642.33	638.66	58063600	10221300000	639.19
639.08	642.9	638.9	40298100	10176800000	641.63
640.31	642.1	637.39	39035400	10195200000	638.65
637.01	641.28	637.01	58144600	10141600000	640.38
636.03	638.83	635.03	61620700	10125100000	636.79
640.87	641.34	635.97	92370200	10201000000	636.19
619.24	642.08	618.5	103590000	9855650000	641.07
616.82	621.32	616.2	67481100	9816270000	618.99
619.17	619.2	616.61	39243400	9852480000	616.75
617.34	619.85	617.34	42345900	9822100000	619.11
612.61	617.91	611.82	64071400	9745740000	617.12
612.47	613.82	611.47	56812100	9742370000	613.02
610.22	613.81	609.62	68077500	9705320000	612.51
612.05	612.05	609.48	49801600	9733330000	610.2
610.97	612.57	610.46	46798300	9714980000	612.13
613.95	614	609.68	39249800	9761330000	610.89
609.93	615.24	609.93	56357000	9696280000	613.98
605.72	609.74	604.14	56122400	9628250000	609.74
605.02	606.82	604.85	55658600	9616160000	605.69
606.24	606.59	604.61	48722600	9634530000	604.73
608.02	608.25	604.11	49422400	9661590000	606.17
600.81	608.14	600.35	59153800	9545830000	608.04
602.75	603.38	599.71	33977800	9575360000	600.83
602.96	604.58	602.04	35359500	9577520000	602.63
596.2	603.21	595.79	51067000	9469130000	602.84
597.28	598.49	596.21	67085300	9485280000	596.3
603.59	603.59	595.88	82776200	9584260000	597.15
609.25	609.52	607.94	72710900	9673140000	608.31
609.87	610.93	608.27	54796400	9681960000	609.23
606.28	610.16	605.86	48679400	9623950000	609.87
607.22	607.86	605.19	37140300	9637600000	605.98
607.25	609.26	606.74	64963400	9637020000	606.97
610.59	611.09	607.15	59464600	9688940000	607.15
608.84	611.95	608.41	47877700	9660080000	610.68
608.02	611.19	606.92	86920600	9645930000	609.24
607	608.46	605.41	72812300	9628560000	608.24
623.42	628.82	600.51	73610800	9887780000	606.72
622.93	625.1	622.39	45016800	9878730000	623.51
626.35	626.83	620.26	64550200	9931980000	622.86
614.63	628.77	613.84	86713000	9745120000	626.32
610.57	614.54	608.51	75032400	9679610000	614.54
606.51	610.83	605.09	78529100	9614140000	610.44
608.99	609.05	602.24	82446800	9652490000	606.59
598.59	611.84	596.85	97942900	9486370000	608.63
575.55	599.5	574.06	159014000	9120440000	598.21
572.41	575.64	570.81	79910800	9069550000	575.54
575.55	576.31	571.81	76923400	9118280000	572.3
577.59	577.86	573.64	75840900	9149730000	575.47
574.11	578.36	574.11	70342400	9093530000	577.5
574.07	576.28	573.47	110398000	9091830000	574.11
569.83	574.04	569.74	86301600	9023610000	573.91
579.45	579.85	568.63	59698300	9174990000	569.95
577.75	580.62	576.86	48856800	9147170000	579.65
580.18	580.45	575.17	136130000	9184700000	577.76
583.41	583.59	579.86	56328200	9234800000	580.18
586.77	589.47	581.63	85349200	9286930000	583.41
581.31	588.45	580.59	72844000	9199410000	586.75
581.94	584.16	580.22	38299400	9208210000	581.31
576.08	582.82	575.46	45301400	9114500000	581.7
574.34	578.24	574.18	50631600	9085820000	575.63
573.71	577.79	573.43	59896600	9074760000	574.32
577.76	580.89	571.43	54443000	9138030000	573.22
567.24	581.74	566.72	58405200	8970770000	577.44
570.49	573.58	563.24	57262300	9021180000	567.24
585.59	585.67	564.78	60851100	9258730000	570.47
587.36	589.77	584.98	43563000	9285530000	585.59
588.8	589.91	583.81	69218000	9307250000	587.56
592.12	597.54	589.12	74514400	9358770000	589.12
587.65	599.98	586.37	102905000	9286960000	592.1
591.04	591.09	584.79	92228100	9339660000	587.8
592.74	592.99	588.05	61194100	9365440000	591.05
587.77	597.51	586.82	82398400	9285940000	592.69
575.03	588.4	569.47	80797300	9083510000	587.78
578.28	578.28	569.98	66127900	9133690000	575.04
566.33	579.5	565.78	125292000	8943870000	578.29
548.66	573.36	541.55	207982000	8663670000	566.36
606.4	612.85	531.33	330933000	9574320000	547.47
624.6	626.12	605.88	121887000	9860620000	606.27
655.1	655.28	624.37	110818000	10340900000	624.68
657.01	658.22	654.21	38456100	10370100000	655.05
655.11	657.8	654.79	60703500	10338900000	656.99
654.49	657.6	654.49	86428400	10328100000	655.03
651.63	657.46	648.45	147461000	10281900000	654.35
654.23	656.23	645.88	225135000	10321900000	651.78
661.26	661.83	653.39	78176500	10431900000	654.1
655.41	663.11	652.79	118184000	10338600000	661.28
650.73	656.37	648.52	69532200	10263700000	655.56
664.92	666.58	646.72	134169000	10486600000	650.62
665.23	666.22	660.41	60491800	10490300000	665.01
672.81	672.93	663.36	94636400	10608600000	665.68
672.74	673.28	667.63	61203300	10606500000	672.86
679.81	681.55	668.63	69465000	10716800000	673.11
661.99	682.37	661.99	74407900	10434700000	679.46
663.78	666.46	659.33	50330200	10461700000	660.77
659.17	667.08	659.04	81673100	10387900000	663.25
652.92	662.9	652.92	98511400	10288400000	658.08
664.8	668.7	654.47	131449000	10474500000	654.47
648.28	675.26	646.78	138173000	10213100000	664.55
648.48	659.63	644.98	107910000	10215200000	647.66
650.6	652.29	641.26	102532000	10247300000	649.36
666.38	666.38	633.4	180536000	10493800000	650.96
640.69	666.71	636.47	141970000	10086900000	666.52
678.09	682.43	611.83	258091000	10673400000	640.56
670.42	681.9	670.42	134961000	10550300000	677.33
683.21	683.49	665.07	130476000	10749100000	670.63
658.8	683.66	650.51	92008400	10362700000	683.66
704.97	704.97	649.01	129512000	11086100000	658.66
676.73	703.7	676.4	112354000	10639600000	703.7
672.51	686.15	669.59	134431000	10570600000	676.3
640.59	675.4	636.61	138980000	10066400000	673.34
644.12	644.68	628.28	142456000	10119600000	639.89
658.1	659.25	637.77	138385000	10336800000	647
629.35	655.27	620.52	122134000	9882840000	655.27
665.93	665.98	616.93	109225000	10454900000	629.37
665.28	691.73	646.56	126656000	10442000000	665.12
625.58	681.73	625.27	224317000	9816730000	665.3
597.44	629.33	558.14	253462000	9373190000	623.98
665.91	678.67	587.48	266393000	10445300000	596.12
735.88	735.88	639.07	309944000	11540000000	666.65
763.93	764.08	732.73	174511000	11976700000	737.23
756.69	766.62	745.63	136185000	11859800000	763.78
748.76	777.99	733.93	252718000	11732600000	756.23
768.49	775.36	716.56	363321000	12038900000	748.91
696.52	773.72	696.52	271634000	10908900000	766.31
685.68	696.3	672.56	99223800	10736600000	694.47
704.5	704.5	662.8	186694000	11028900000	685.56
671.65	716	664.49	243295000	10511900000	704.38
609.68	684.84	607.04	277085000	9539850000	672.78
578.67	607.12	578.67	82357000	9052360000	606.73
575.84	579.13	573.33	66991900	9005920000	577.47
582.2	582.2	570.95	71301000	9103080000	574.63
577.17	582.84	573.13	80265800	9022250000	581.64
585.45	590.26	567.51	107770000	9149580000	576.6
574.6	586.47	574.6	72138900	8977700000	585.54
573.31	582.81	569.18	68874100	8955060000	574.98
569.71	590.13	564.24	94925300	8897080000	572.73
537.68	574.64	536.92	122020000	8395070000	569.19
536.51	540.35	533.08	60378200	8375000000	537.97
531.11	543.08	525.64	86061800	8288680000	536.92
534.19	546.62	520.66	138450000	8335100000	531.39
528.47	544.35	522.96	87958700	8243960000	533.86
527.48	553.96	512.18	148737000	8226500000	526.23
473.03	533.47	472.7	181199000	7375780000	530.04
453.52	478.15	453.52	164781000	7070010000	473.46
449.67	453.64	447.9	65203800	7008500000	453.38
446.06	450.3	446.06	65231000	6950690000	449.6
444.29	447.1	443.93	65783100	6921460000	445.98
439.35	444.35	438.82	50582500	6842470000	444.15
443.22	443.43	439.04	39657600	6900700000	439.32
442.97	443.78	441.71	42762300	6895230000	443.19
437.79	444.05	437.39	81987900	6813080000	442.68
454.52	454.63	438.71	96027400	7072090000	438.71
453.69	456	453.3	86850100	7057390000	454.62
454.01	455.07	453.61	64100300	7060730000	453.78
457.59	458.2	452.94	59171500	7114740000	454.16
455.76	458.69	455.46	28514000	7084760000	457.57
455.82	456.84	454.79	37209000	7084100000	455.67
454.85	457.06	453.45	60845000	7067270000	455.67
452.45	454.95	449.25	59849300	7028330000	454.77
450.86	454.58	450.86	50605200	7002230000	452.73
460.52	461.93	448.95	58956100	7150370000	450.89
458.21	462.48	456.53	55493100	7112510000	460.48
458.43	459.42	455.98	40315000	7114060000	458.55
459.64	460.68	457.32	38364500	7131120000	458.54
447.94	461.38	447.07	72796800	6947800000	459.6
446.71	448.51	445.88	50440800	6926990000	447.98
450.18	450.38	445.63	50407300	6978950000	446.72
444.73	451.1	442.62	59366400	6892690000	450.3
451.93	452.44	441.78	92127000	7002610000	444.67
448.48	452.48	447.93	40660100	6947430000	451.88
455.18	455.59	447.7	69322600	7049460000	448.32
449.41	455.38	446.02	49258500	6958330000	455.1
445.04	449.55	436.65	74064700	6889170000	449.01
466.26	467.08	444.13	93564900	7216190000	444.69
461.65	467.96	461.62	78971900	7143060000	466.09
459.12	466.62	453.59	87091800	7102490000	461.43
450.56	460.15	448.93	68198400	6968570000	458.56
445.86	450.28	444.33	50485400	6894280000	450.28
449.69	449.81	444.15	58804400	6951860000	445.74
441.42	450.55	440.95	68204700	6822320000	449.43
435.32	443.05	434.41	72890100	6726370000	441.39
428.7	436.02	428.1	52810500	6622450000	435.51
427.61	429.27	427.09	55670900	6604150000	428.59
430.64	431.37	426.08	52125900	6649170000	427.4
429.57	432.63	428.98	39392800	6631310000	430.57
424.43	429.93	424.43	54801500	6550350000	429.71
423.94	425.37	423.01	45281000	6541030000	424.28
425.63	426.66	422.92	69060400	6565470000	423.73
422.84	427.28	422.84	70728800	6520870000	425.19
421.87	422.74	420.53	50747500	6504290000	422.48
419.59	422.44	419.26	73478600	6467330000	421.56
420.81	420.89	416.51	49792700	6484410000	419.41
422.91	425.36	419.63	63454700	6515190000	420.35
423.62	423.66	420.52	57858600	6524680000	422.75
424.28	424.53	422.73	59091000	6533260000	423.41
421.02	424.26	420.61	60718000	6481350000	424.03
421.3	422.34	419.6	50634300	6483910000	421.44
421.17	421.58	419.7	38053700	6480470000	420.9
418.42	422.08	418.42	45681200	6436700000	420.87
416.76	418.17	415.83	51235700	6409540000	417.96
415.26	418.37	415.26	60215200	6385140000	416.73
416.83	416.83	412.5	66034100	6407840000	414.82
424.3	426.2	412.68	75411500	6521010000	416.52
426.55	426.86	423.29	68522800	6553700000	424.23
418.14	428.8	417.71	71229400	6423040000	426.76
417.37	418.99	416.26	44650400	6409500000	417.94
416.51	418.08	415.56	52560000	6394850000	417.18
418.42	418.68	415.49	68346700	6422730000	416.39
418.16	419.27	417.36	61444200	6417130000	418.04
413.13	418.38	412.53	66813300	6338430000	418.09
413.42	413.42	410.38	61655400	6341380000	413.31
410.4	414.63	410.4	45947900	6293610000	413.75
409.26	410.98	407.23	58423000	6274790000	410.44
420.55	420.55	406.14	104940000	6446330000	409.55
417.89	421	417.89	83528600	6404130000	420.62
416.89	417.69	415.91	65185800	6387190000	417.01
416.39	418.13	414.99	66781700	6377870000	416.83
414.2	416.68	414.2	95259400	6342780000	416.44
411.65	416.6	411.64	74322800	6302330000	414.06
421.61	421.8	410.09	92712900	6453260000	411.62
417.24	423.93	417.01	73969700	6384740000	421.69
414.74	417.51	413.25	81022900	6344960000	417.13
413.89	416.03	411.61	70012300	6330230000	414.86
414.46	416.24	411.09	70311700	6337370000	413.97
407.76	415.92	406.31	85762400	6233430000	414.32
400.52	411.91	395.78	91212500	6121400000	407.71
410.78	411.26	394.04	135385000	6276610000	400.57
421.84	425.18	410.94	90856100	6443890000	410.94
423.91	425.37	419.41	100484000	6474150000	421.65
435.13	435.92	423.99	74955300	6643810000	423.99
437.92	439.65	432.32	74895800	6684800000	435.12
433.44	441.51	431.69	60694700	6614980000	437.7
432.57	435.68	423.82	53033400	6600310000	433.5
432.84	434.23	428.1	41893600	6602810000	432.52
424.63	432.15	421.62	61486000	6476080000	432.15
425.04	427.72	420.42	70798000	6480650000	424.54
420.96	425.55	413.91	67743700	6417190000	424.95
438.25	439.86	417.82	85244900	6679400000	420.74
438.99	439.05	432.92	85385200	6689200000	437.75
437.77	448.05	429.08	89820700	6669260000	438.8
421.6	441.98	421.6	93992100	6421310000	437.16
422.73	423.1	417.6	55711300	6436980000	420.79
416.57	426	415.64	76752600	6341430000	422.37
407.66	421.17	406.78	83193600	6204150000	416.32
401.43	408.94	401.43	73093100	6108040000	407.49
407.57	410.38	397.75	74070500	6199850000	400.19
392.93	407.23	392.93	74469800	5975580000	407.23
384.64	391.86	384.64	61911700	5847990000	391.86
379.69	384.95	379.6	67042800	5771040000	384.26
382.11	383.13	376.4	74375600	5806110000	379.65
376.15	385.48	375.78	85130900	5713880000	381.65
373.42	377.25	372.9	55318500	5670880000	376.03
376.76	379.88	373.33	47671100	5720100000	373.45
376.51	380.87	374.9	37076300	5714760000	376.62
386.59	386.63	372.39	49249300	5865740000	376.52
388.9	391.09	385.57	43825000	5898960000	386.55
370.17	391.61	369.99	69285500	5613380000	389.59
374.65	374.95	368.05	45933400	5679530000	369.95
372.92	375.88	372.92	40378700	5651690000	374.45
369.35	378.07	367.96	51656700	5596090000	373.06
378.29	380.35	367.83	37894300	5729870000	368.77
378.87	380.92	376.49	30284400	5736760000	378.25
380.11	384.38	365.45	86125300	5753970000	379.47
395.15	395.5	379.74	59247900	5980180000	380.29
392.44	396.84	391.78	47424400	5937780000	394.97
392	397.77	390.57	58147000	5929520000	392.15
402.32	402.32	388.55	59062400	6083900000	391.73
388.1	405.49	387.51	54824800	5867300000	402.97
382.43	394.54	381.98	56247400	5779890000	387.49
409.75	410.41	375.28	91546600	6190940000	382.49
419.63	422.88	406.3	68338000	6338800000	410.26
379.74	425.27	376.6	121720000	5734760000	420.23
387.03	387.73	378.97	46819800	5843510000	380.15
381.73	388.1	376.67	54403900	5761940000	387.17
387.15	390.96	380.09	45319600	5842270000	382.3
365.07	390.56	354.91	120352000	5507790000	387.54
430.25	430.25	364.33	153351000	6489870000	364.33
432.29	433.32	427.85	43945500	6519110000	430.31
434.67	435.19	424.44	173888000	6553350000	432.37
448.18	448.18	435.69	115607000	6755220000	435.69
448.7	450.66	443.86	40450000	6761090000	448.43
448.24	448.31	440.35	35995900	6752210000	447.99
453.38	454.64	446.89	32278000	6828000000	447.61
457.54	462.93	447.94	56993000	6888600000	453.23
430.01	458.77	429.08	87562200	6472580000	458.05
431.86	431.86	426.34	34042500	6498830000	429.11
433.07	434.18	429.68	34522600	6515380000	431.96
430.06	434.52	429.08	38477500	6468180000	433.09
433.58	433.74	424.71	39633800	6519500000	430.01
434.62	436.06	431.87	30096600	6533630000	433.44
430.72	436.25	427.51	36278900	6473530000	434.33
425.88	432.92	418.74	45996600	6399190000	430.57
433.3	434.39	422.08	46889400	6508960000	426.62
422.1	432.98	420.63	51596500	6339010000	432.98
423.34	429.77	418.48	49638600	6356100000	422.28
416.51	424.01	408.88	53591200	6251440000	422.82
455.76	457.49	405.76	116166000	6838480000	417.27
454.86	458.31	452.07	39078500	6823120000	455.65
443.09	458.46	443.08	57157200	6645120000	454.99
436.72	444.53	436.62	47161400	6547850000	442.4
437.44	443.69	435.52	50840400	6556960000	436.57
442.84	444.73	427.31	77639700	6636280000	438.64
462.23	462.64	434.34	75409400	6925030000	442.69
463.55	465.58	456.76	47892700	6942950000	462.32
455.85	465.18	454.94	60220100	6825640000	463.62
454.78	457.86	448.86	47978400	6807850000	456.08
465.21	465.21	443.85	107944000	6962090000	454.93
443.88	465.32	443.88	83121100	6640850000	465.32
433.27	447.14	430.46	130496000	6480070000	444.18
431.66	441.68	426.27	55050600	6454430000	433.75
452.33	469.1	410.74	131969000	6761730000	435
415.28	451.94	415.28	110944000	6206150000	451.94
417.99	419.51	411.55	52138900	6244360000	415.48
414.44	423.12	406.29	90917200	6189620000	417.56
395.75	415.56	389.95	57801400	5908810000	415.56
389.98	399.97	385.41	63455800	5821140000	395.54
389.56	402.81	387.09	77762000	5813290000	388.78
363.72	389.79	363.23	66282200	5426180000	388.95
361.26	363.52	355.76	35784100	5388110000	363.18
359.33	370.27	357.41	50714900	5358040000	361.05
361.85	362.23	349.46	54160500	5394070000	359.19
377.41	378.93	356.56	60452200	5624580000	362.49
371.44	382.36	370.38	71701600	5534000000	377.32
357.47	371.94	355.67	40409300	5324610000	371.29
357.14	359.54	352.17	36816600	5318300000	357.38
351.86	363.59	347.87	55179100	5238500000	358.04
328.3	366.76	328.23	106105000	4886330000	352.68
320.05	329.13	316.77	41666900	4762230000	328.21
323.01	323.06	318.12	29362600	4805160000	320.05
324.35	325.12	321.29	27478900	4823700000	323.05
326.98	327.01	321.26	23439400	4861340000	324.54
322.09	328.16	319.6	28200500	4787340000	326.93
326.41	326.47	312.22	53152900	4850170000	322.02
334.68	335.33	325.27	45011100	4971880000	326.15
334.59	336.53	330.64	43783800	4969330000	334.59
330.36	338.35	329.61	51001600	4905260000	335.09
319.74	331.63	315.9	47980100	4746070000	330.75
333.05	334.66	317.49	44213100	4942420000	320.17
336.62	338.18	329.97	38612000	4994250000	332.91
338.5	340.91	326.07	52003000	5020700000	336.75
314.08	345.08	313.36	78477800	4657240000	338.15
339.82	340.58	301	107070000	5037510000	311.08
379.98	381.39	329.11	95797900	5631520000	336.82
374.32	385.28	362.89	68224400	5546240000	380.26
384.28	389.89	368.7	51817600	5692390000	373.37
374.27	390.59	372.43	56625100	5542680000	386.48
388.05	395.84	354.02	122687000	5745320000	374.47
408.08	447.56	374.58	151825000	6040410000	386.35
403.66	495.56	380.55	263900000	5973510000	411.56
361.87	417.9	357.65	206162000	5353680000	403.42
325.94	365.36	323.21	101918000	4820850000	361.19
315	327.47	311.88	37001100	4657890000	325.43
328.51	332.78	309.25	48598100	4856410000	314.17
313.94	334.17	313.94	78305000	4639690000	328.01
304.32	318.17	301.82	64495900	4496390000	313.86
293.7	306.33	293.7	50808100	4338430000	304.62
285.18	296.21	285.01	46331800	4211500000	293.79
283.63	285.3	280.51	32108800	4187410000	285.3
281.44	294.06	281.44	45717100	4154100000	283.68
276.5	281.71	276.5	25942400	4080140000	281.65
273.65	278.68	273.54	29442500	4037010000	276.5
266.5	276.51	266.13	37808600	3930500000	274.02
269.31	270.77	263.84	25637300	3970980000	266.27
263.57	270.83	263.23	30889800	3885570000	269.46
261.86	264.82	260.95	25258800	3859270000	263.44
270.91	271.67	260.78	22434300	3991620000	261.64
262.75	273.58	262.37	43199600	3870490000	270.64
254.3	266.13	253.93	35901500	3745090000	262.87
252.11	255.96	252.05	25223500	3711800000	254.32
249.49	254.28	248.9	27462600	3672370000	251.99
245.2	250.24	243.76	28198500	3608340000	249.51
246.88	247.45	245.18	17388300	3632110000	245.31
244.74	247.24	244.15	16827300	3599840000	247.05
243.74	245.32	243.07	15912700	3584120000	244.94
242.5	244.23	242.12	17353100	3565090000	243.93
243.07	244.25	242.18	18515300	3572730000	242.3
246.17	246.68	242.59	22999200	3617400000	242.97
240.36	246.94	240.14	27535100	3531230000	246.06
238.15	240.38	237.03	23335900	3497740000	240.38
238.53	238.97	237.94	12999000	3502460000	238.26
237.2	239.31	236.94	16482700	3482100000	238.73
237.26	238.54	236.6	19677900	3482190000	237.29
236	238.44	235.62	20488800	3462800000	237.55
236.64	237.73	235.63	19743500	3471280000	236.06
239.02	239.8	235.93	22691300	3505090000	236.69
232.84	239.34	232.47	24713000	3413630000	239.14
234.14	234.53	232.48	14179900	3431860000	232.76
235.08	235.4	233.36	13724100	3444730000	234.34
234.36	237.43	233.68	22363600	3433300000	235.14
230.36	235.65	230.29	25097800	3373850000	234.53
230.94	231.84	229.59	17254100	3381390000	230.28
226.97	232.39	225.12	25009300	3322420000	230.62
231.22	231.22	226.52	19678800	3383840000	227.09
231.4	232.37	230.91	14444700	3385770000	231.21
232.86	233.21	231.09	12712600	3406390000	231.49
233.52	234.35	232.19	20242200	3415440000	232.97
229.08	230.28	228.93	18935400	3349390000	229.81
230.25	231.22	227.4	20144200	3365740000	229.09
230.49	259.18	229.82	19177800	3368360000	230.3
230.61	232.44	227.96	20997800	3369190000	230.64
235.24	235.94	229.33	18478800	3435990000	230.51
239.85	240.12	234.75	17962600	3502520000	235.23
238.33	241.17	238.33	19224700	3479310000	240.11
238.34	241.29	235.79	21215500	3478410000	238.48
243.41	244.42	237.82	23635700	3551640000	238.17
239.85	245.78	239.68	26879200	3498750000	243.61
239.93	242.11	238.72	21192200	3499120000	239.85
234.87	242.91	234.68	25473700	3424420000	239.84
230.2	236.14	229.44	20671400	3355470000	235.02
227.22	230.9	227.05	20962400	3311080000	230.3
229.32	229.6	226.67	17482000	3340990000	227.18
228.03	230.58	226.47	18760400	3321180000	229.28
230.26	231.22	226.86	20575200	3352760000	228.12
229.11	231.96	225.91	20710700	3335220000	230.06
229.9	232.07	226.25	19412600	3345740000	228.76
231.55	233.22	227.33	17142500	3368880000	229.78
224.7	235.22	220.93	31336600	3268370000	231.4
226.05	228.64	223.68	21905400	3287220000	224.77
222.08	231.18	220.2	31808000	3228540000	225.83
210.07	226.32	199.57	61089200	3053250000	221.61
228.11	228.14	210.44	59220700	3314640000	210.5
230.38	232.71	225.58	18406600	3346760000	228.17
232.66	234.96	222.7	23205900	3379050000	230.39
235.35	236.43	231.72	23173800	3417200000	232.57
226.9	237.37	226.9	32275000	3293570000	235.35
225.67	237.41	222.77	60869200	3274860000	226.68
257.93	257.99	211.08	42147200	3742020000	211.08
258.49	260.5	257.12	21617900	3749260000	257.98
261.87	262.44	257.04	29717000	3797330000	258.51
265.53	266.67	261.3	19321100	3849530000	261.55
264.13	267.47	261.48	27091200	3828340000	265.68
266.18	266.23	262.84	27685500	3857090000	264.08
270.6	270.67	265.47	26815400	3920210000	266.38
264.34	270.39	264.09	25433900	3828500000	270.39
265.48	267.03	262.6	20979400	3843850000	264.47
261.12	267	260.47	23789600	3779770000	265.08
279.74	279.93	260.71	58533000	4048270000	261
278.74	280.39	276.37	42484800	4032820000	279.58
281.91	281.91	278.4	18792100	4077600000	278.58
284.85	285.5	281.49	20128000	4119190000	281.88
281.23	285.71	281.23	21908700	4065870000	285.22
282.81	285.47	280.23	21474100	4087610000	281.23
280.45	283.03	277.53	17722200	4052470000	282.61
284.69	284.93	278.11	18995000	4112610000	281.6
287.7	288.96	282.34	23629100	4155010000	284.65
289.1	290.13	286.57	21635800	4174360000	287.72
294.48	294.54	288.78	24672600	4250940000	289.59
293.63	296.65	293.42	25453600	4237650000	294.43
292.64	297.77	287.45	30592000	4222210000	293.62
288.64	293.05	287.71	16032300	4163470000	292.69
288.16	290.73	286	20662200	4155500000	288.7
276	289.25	275.25	37199400	3978990000	288.28
277.34	278.11	275.72	18531300	3997290000	276.05
275.66	277.67	274.38	19389800	3971960000	277.22
278.88	280.55	275.42	22930700	4017540000	275.83
273.5	278.98	272.96	22711400	3938930000	278.98
274.77	275.67	272.51	15332500	3956140000	273.61
279.33	282.53	274.07	25187100	4020820000	274.9
278.09	280.28	272.04	27591400	4001950000	279.47
286.04	291.18	275.24	49482600	4115410000	278.09
288.05	293.25	285.37	27486600	4143120000	285.83
292.03	296.15	286.64	28727200	4199450000	287.46
310.83	310.95	281.01	62053900	4468540000	292.05
293.14	314.39	292.5	56405000	4213280000	310.87
284.88	298.51	283.53	41109900	4093500000	293.12
269.16	294.59	268.8	100390000	3866510000	284.89
270.83	272.33	267.09	40301200	3889620000	269.23
265.98	272.97	264.39	36980200	3818970000	270.79
269.96	271.34	264.83	28857600	3875220000	266.21
271.11	277.42	267.6	49154800	3890430000	269.03
260.81	274.51	258.7	44156100	3741670000	271.91
256.49	261.46	254.2	15620400	3678800000	260.89
255.46	257.08	253.5	19033800	3662970000	256.34
258.55	261.63	254.12	21551900	3706320000	255.41
263.35	265.17	255.77	27029800	3774140000	258.62
257.04	267.87	255.95	44533800	3682790000	263.07
248.72	257.17	248.58	34742900	3562790000	257.06
250.96	251.17	247.43	15137600	3593900000	249.01
243.55	251.34	243.12	20488600	3487060000	250.99
242.6	243.75	241.55	13983500	3472580000	243.59
240.37	243.33	240.37	16133100	3439620000	242.8
244.28	244.34	240.51	17344900	3494730000	240.51
246.93	247.3	243.13	15108700	3531700000	244.3
243.97	247.92	243.78	17692500	3488460000	246.99
245.1	245.22	241.88	10600900	3503880000	243.94
244.53	245.83	240.63	20608100	3494910000	245.21
249.04	250.98	243.79	23965300	3558500000	244.61
249.43	252.11	244.13	30980200	3563010000	249.01
250.82	256.85	246.48	43858400	3581960000	249.28
236.76	251.74	236.12	41612000	3380500000	250.9
233.42	237.84	233.42	19912100	3331930000	236.82
232.44	234.86	232	12165900	3317080000	233.54
229.92	232.65	229.21	13305300	3280180000	232.4
229.71	231.06	229.31	14017700	3276290000	229.98
228.85	230.29	228.77	14416000	3263390000	229.71
229	229.78	228.01	15904800	3264420000	228.8
228.54	230.95	227.93	28353100	3257050000	229.05
222.88	229.46	222.84	23378400	3175520000	228.49
225.6	226.19	222.65	13318400	3213390000	222.88
225	225.72	224.38	11131500	3203980000	225.62
224.15	225.97	223.18	18056500	3191080000	224.95
225.77	226.58	224.05	14728100	3213320000	224.32
225.74	227.4	223.93	17752400	3212010000	225.87
222.89	226.42	222.42	20459000	3170730000	225.8
230.23	231.71	221.3	26090500	3274370000	222.93
233.13	233.25	229.54	14730800	3314780000	230.19
237.09	237.09	232.05	14098600	3370240000	233.34
237.38	237.52	235.73	14805000	3373380000	237.1
237.26	237.82	236.65	13829600	3370890000	237.41
237.06	238.64	236.69	18837000	3367340000	237.28
237.1	238.24	235.69	16425000	3367040000	237.12
240.93	241.02	236.64	14423900	3420480000	237.11
238.98	241.98	238.81	11508000	3391910000	240.95
240.29	241.03	238.69	14605000	3409830000	238.87
235.32	240.97	235.06	27003000	3338560000	240.35
234.02	236.24	233.84	15108900	3319140000	235.34
231.89	234.68	231.84	15499400	3288140000	234.02
233.04	234.15	231.82	14241900	3303650000	231.95
236.89	237.21	232.46	16780300	3357380000	233.13
236.01	238.03	236.01	11134300	3343940000	236.8
237.64	237.7	235.29	11089700	3366300000	236.15
236.96	238.75	236.79	16329400	3355680000	237.6
236.21	237.8	234.06	24413700	3344280000	236.93
241.4	243.7	235.04	27180100	3416690000	236.38
242.15	242.88	240.1	19282600	3426350000	241.11
240.3	244.27	239.38	20892300	3399290000	242.16
241.73	244.07	238.85	15019100	3418740000	240.3
243.77	247.8	239.64	19790500	3446790000	241.83
237.2	246.28	236.27	27445500	3353090000	243.86
229.66	239.1	228.57	29064400	3245660000	237.33
236.25	236.45	229.23	29587200	3337790000	229.78
238.85	239.2	232.05	23929100	3373650000	236.12
240.36	242.64	237.81	21223400	3394130000	239.02
234.88	243.24	234.08	18494100	3315980000	240.36
232.34	235.73	232.34	12535500	3279270000	234.93
235.94	238.97	232.08	18815300	3329190000	232.08
225.69	239.56	224.99	33818600	3183860000	236.15
225.59	227.04	223.43	18936500	3181700000	225.81
228.97	229.5	223.07	21469200	3228470000	225.85
219.43	233.31	218.02	38574000	3093200000	229.29
226.41	226.94	214.87	28943700	3190790000	219.43
231.24	232.56	226.34	13957200	3257850000	226.39
235.97	236.31	229.93	21448700	3323830000	231.27
234.05	236.47	233.2	17036000	3296060000	236.46
235.6	237.91	233.48	23847900	3316990000	234.18
224.62	235.27	224.3	24978000	3161520000	235.27
222.61	226.35	221.98	18364700	3132400000	224.63
223.46	226.35	222.37	15021500	3143460000	222.6
222.85	224.32	220.88	12939000	3134170000	223.36
228.57	228.91	221.94	20429800	3213910000	222.88
223.92	229.67	223.92	24805400	3147650000	228.57
219.07	223.83	218.65	22562000	3078890000	223.83
224.76	224.98	216.32	31719000	3157970000	219.16
235.95	236.94	222	31181800	3314280000	224.59
236.53	237.73	233.5	12387900	3321740000	236.15
236.02	239.54	234.18	16365200	3313620000	236.55
243.69	243.69	232.77	28882000	3420500000	236.07
244.75	246.12	239.4	21643500	3434520000	243.68
253.06	253.85	244.22	30086400	3550390000	245.02
255.27	255.81	252.21	18467400	3580410000	253.18
260.72	261.8	254.57	20034200	3655990000	255.49
253.76	260.68	251.94	19649200	3557460000	260.6
254.29	255.26	251.1	12493500	3563920000	253.7
253.07	256.04	251.88	23146600	3545940000	254.32
247.09	254.46	245.42	26272600	3461060000	253
244.22	247.54	241.16	22877200	3420100000	247.27
247.45	248.73	242.74	22672000	3464410000	244.22
242.88	249.24	239.21	23009600	3399510000	247.53
252.74	253.14	240.85	21699400	3536570000	242.71
246.97	254.21	246.97	16040900	3454980000	252.8
248.57	256.81	245.21	17274900	3476180000	247.03
246.28	254.35	244.91	25730000	3443230000	248.53
247.47	249.19	236.51	35866900	3458950000	246.2
266.58	267	244.16	40073700	3724830000	245.59
267.89	277.3	261.75	22811900	3742290000	266.74
259.92	269.75	259.59	18438100	3629920000	267.96
261.64	262.2	255.65	17130100	3653040000	260.02
260.96	264.85	259.16	18456700	3642550000	261.75
255.88	264.24	248.64	52732000	3570820000	260.93
285.07	285.34	249.87	57008000	3977030000	256.3
290.6	292.37	284.37	21497200	4053230000	285.5
285.69	294.11	285.69	21516100	3983760000	290.59
281.43	286.53	281	11970100	3923350000	286.39
284.44	286.34	280.98	22612300	3964470000	281.88
294.12	294.5	285.34	31421500	4098250000	285.34
296.13	297.09	292.41	32585200	4125290000	294.35
291.52	297.39	290.51	33963900	4060030000	296.38
289.86	300.04	289.74	67770800	4035790000	291.76
274.81	292.7	273.89	59178200	3825250000	289.61
276.43	277.86	272.56	22067900	3846750000	274.35
272.29	277.85	270.13	17825900	3788190000	276.26
275.6	277.61	270.01	28918900	3833160000	272.72
272.74	281.67	264.77	41302400	3792480000	276.18
281.99	284.23	268.13	41383000	3920130000	273.09
275.05	285.8	268.16	50461300	3822510000	281.7
260.36	276.3	258.31	40465700	3617340000	275.67
254.28	261.66	245.93	25213700	3532050000	260.2
253.52	254.69	249.48	13949300	3520560000	254.26
236.44	256.65	236.44	44013900	3282410000	253.83
237.34	237.71	234.26	13619400	3294030000	236.43
238.89	239.34	235.53	11496200	3314640000	237.47
239	239.9	236.4	14200400	3315370000	238.74
236	240.11	232.42	16400000	3272880000	238.89
244.54	246.39	233.85	19527000	3390510000	235.98
243.75	255.32	243.18	12284200	3378660000	244.53
240.25	247.1	239.3	23876700	3329190000	243.78
236.41	242.67	235.59	18270500	3274980000	240.28
243.78	244.25	232.34	25200800	3376060000	236.33
233.42	245.78	232.31	27363100	3231750000	243.61
234.82	239.52	229.02	28153700	3250240000	233.84
257.51	265.61	227.68	56552400	3563290000	234.82
235.53	259.81	235.53	49732500	3258210000	257.32
221.97	240.26	221.26	42744400	3069830000	235.43
219.21	222.2	217.61	15206200	3030990000	221.76
219.73	223.41	218.07	17201900	3037370000	219.19
220.28	221.81	215.33	21115100	3044180000	219.84
223.39	223.98	217.02	27791300	3086220000	220.11
227.69	229.44	221.08	17145200	3144920000	223.41
222.63	230.3	222.61	21604200	3074140000	227.75
216.92	230.51	216.23	24435300	2994350000	222.27
227.66	239.41	214.72	22516400	3141730000	217.11
227.51	230.06	221.11	26594300	3138700000	226.85
237.45	245.96	224.48	40783700	3275110000	227.27
226.49	242.18	222.66	30612100	3123010000	238.23
216.87	231.57	212.01	29128500	2989460000	226.97
226.44	233.5	216.31	23348200	3120490000	217.46
232.77	242.85	225.84	26605200	3206940000	226.43
233.35	238.71	220.71	32213400	3213920000	233.51
263.35	266.54	227.05	44352200	3626050000	233.91
273.17	275.48	250.65	44399000	3760210000	263.48
254.08	309.38	254.08	106794000	3496650000	273.47
247.35	255.07	243.89	33582700	3403300000	253.72
232.7	248.21	230.02	24782500	3200970000	247.85
233.52	234.84	225.2	24621700	3211490000	232.88
227.32	237.02	226.43	33544600	3125520000	233.41
211.38	227.79	211.21	29924600	2905520000	226.9
212.91	215.24	205.15	24051100	2925910000	211.31
211.47	216.73	207.32	18658300	2905410000	214.86
200.05	218.69	194.51	30085100	2747730000	210.34
207.83	211.73	194.88	23469700	2853930000	199.26
209.07	221.59	199.77	38421000	2870180000	208.1
176.9	229.07	176.9	81773500	2427830000	209.84
223.89	223.89	171.51	97638700	3072020000	178.1
267.39	268.28	219.91	72843900	3668040000	225.86
266.15	272.2	265.2	18880300	3649970000	267.8
274.61	279.64	265.04	18200800	3764960000	265.66
287.3	288.13	273.97	15264300	3937990000	274.8
282.38	291.11	280.53	18718600	3869530000	290.41
294.13	294.13	282.18	19982500	4029490000	283.35
286.08	298.75	283.08	24866800	3918090000	294.34
274.61	287.55	272.7	23245700	3759970000	286.19
265.08	278.34	265.08	43962800	3628490000	274.47
281.15	287.23	257.61	55629100	3847150000	264.19
314.85	315.15	281.08	33054400	4307010000	281.08
314.08	315.84	313.56	7860650	4295210000	315.03
320.44	320.44	314	8036550	4380820000	314.25
310.91	320.19	310.21	13942900	4249480000	320.19
312.72	314.81	309.37	12528300	4272940000	310.74
317.7	320.27	312.31	12302500	4339700000	312.67
316.16	320.03	311.08	11676600	4317320000	317.24
327.58	328.91	312.63	15185200	4472050000	315.86
319.15	331.42	316.63	16410500	4355750000	327.92
322.29	322.67	316.96	9883640	4397250000	319.01
334.38	334.74	321.36	15092300	4561040000	322.53
332.02	336.29	329.6	16574200	4527490000	334.57
321.07	334.12	320.43	22315100	4376890000	331.89
329.54	329.63	318.9	15207600	4491320000	320.84
317.62	330.32	316.04	20856700	4327750000	329.96
311.18	318.53	306.77	23823100	4238930000	317.84
319.79	323.71	304.23	39173000	4355140000	311.4
326.86	333.95	315.15	37567900	4450380000	319.78
345.67	345.86	327.06	30864900	4705370000	327.06
351.36	351.81	344.93	17264200	4781560000	345.35
346.73	353.32	345.42	12415200	4717270000	351.63
352.38	352.38	346.59	11675900	4792870000	347.38
350.83	352.98	349.29	16989800	4770620000	352.54
344.34	361.36	338.76	32431300	4681040000	350.51
352.2	352.38	346.37	16427700	4786700000	346.37
361.89	363.07	344.95	32915500	4917110000	352.22
374.96	376.03	361.89	18898700	5093180000	361.91
374.84	376.29	373.27	6491650	5090240000	375.1
376.76	378.45	370.94	7009320	5115040000	374.79
369.44	379.19	365.76	15181800	5014290000	376.85
375.72	378.65	367.76	14529600	5098100000	369.6
381.72	383.03	374.35	13340100	5178450000	375.01
379.25	384.04	377.86	12364100	5143500000	381.31
378.25	383.66	376.67	11763000	5128700000	379.25
375.51	382.53	373.31	9194440	5090060000	378.05
376.15	387.6	372.14	15375600	5097280000	375.49
369.37	382.84	358.45	22946500	5004050000	376.45
370.5	373.99	368.28	8748030	5018040000	369.67
376.02	377.7	365.82	18601700	5091480000	368.37
376.89	394.7	374.78	25442200	5101970000	375.35
366.95	387.21	366.67	30930100	4966080000	376.9
353.18	370.85	353.18	15151600	4778440000	367.57
351.6	364.84	350.88	15273000	4755830000	352.92
357.88	357.88	344.11	29850100	4839570000	350.85
380.31	382.02	356.78	25233200	5141550000	357.84
373.9	386.48	373.9	18931800	5053560000	380.56
387.79	392.4	371.12	32222500	5239790000	375.2
388.35	410.2	377.5	41518800	5246000000	387.41
374.73	390.8	374.6	11905600	5060640000	387.88
399.65	405.53	371.01	15727500	5395770000	376.13
418.42	419.25	384.79	29589200	5647540000	397.82
427.27	457.09	401.12	58945000	5765520000	420.74
367.99	429.72	367.99	45783200	4964150000	423.56
365.86	371.31	363.74	15838900	4934270000	367.69
362.26	374.82	357.56	30450100	4884490000	366.92
345.38	363.63	344.25	24205600	4655480000	363.26
342.15	347.03	342.15	8535470	4610750000	345.49
349.82	352.73	341.78	16834200	4712700000	342.42
339.46	352.97	338.42	18797000	4571830000	349.29
330.68	343.37	330.68	19817200	4452510000	339.49
327.16	331.77	325.08	15655500	4403750000	330.49
325.57	334	325.48	12948500	4380950000	327.55
326.07	329.05	320.63	8603620	4386500000	325.89
338.65	340.53	321.06	16677200	4554320000	325.75
345.01	348.05	337.14	12545400	4638210000	338.32
335.71	350.91	335.07	30177900	4511760000	345.31
357.09	357.83	335.34	18192700	4797700000	335.59
353.21	359.98	352.68	7845880	4744450000	357.62
354.78	358.63	349.81	13033000	4764020000	352.99
347.49	359.22	343.93	11272500	4665040000	354.7
358.61	359.86	342.88	18127500	4812990000	347.27
358.59	364.35	353.31	15585700	4811290000	358.35
382.96	385.05	356.45	26456900	5136830000	358.42
386.12	388.58	382.25	11641300	5177640000	383.16
382.42	392.65	380.83	14188900	5126590000	386.48
389.23	390.08	378.25	16419000	5216560000	382.85
391.25	393.94	386.46	5914570	5242370000	389.55
383.98	395.16	378.97	11416800	5143260000	391.44
382.76	385.48	375.39	13600700	5125580000	383.76
394.52	398.81	373.07	26990000	5281630000	382.56
400.95	402.23	388.77	25267100	5366290000	394.77
391.69	411.7	391.32	38491500	5241030000	400.87
377.92	397.23	368.9	35221400	5055290000	390.41
362.61	379.43	356.14	17552800	4849070000	378.55
361.36	367.19	355.95	13345200	4831160000	362.3
364.69	375.07	352.96	43665700	4874190000	361.56
352.75	382.73	347.69	83641100	4713320000	365.03
336.12	354.36	327.19	54736300	4489870000	352.94
330.58	339.25	320.48	49199900	4414880000	336.19
320.39	345.13	302.56	79011800	4277430000	330.08
328.92	341.8	289.3	83308100	4389890000	320.51
359.89	364.49	325.89	47236500	4801920000	328.87
375.18	377.69	357.86	30901200	5004540000	359.51
383.99	385.5	372.95	21777700	5120700000	375.07
387.43	391.38	380.78	26229400	5165060000	383.62
376.09	390.98	373.44	34707300	5012450000	386.94
376.93	385.21	372.24	32497700	5022360000	375.47
399.47	401.02	374.33	23613300	5321420000	377.18
403.56	406.62	397.37	15029300	5374500000	399.52
411.43	414.94	400.01	21460800	5477970000	404.43
423.16	423.52	409.47	26814400	5632260000	411.57
435.75	436.11	421.13	30627700	5798220000	423.2
402.09	441.56	396.2	45099500	5348840000	435.79
399.1	406.92	397.13	24127600	5307360000	402.15
408.08	412.43	393.18	26580100	5425180000	398.82
394.67	423.3	389.88	36863600	5245150000	408.9
424.1	427.83	384.53	37919700	5634440000	394.8
456.86	456.86	413.1	34483200	6067610000	424.44
465.86	468.17	452.42	21056800	6185010000	457.33
474.86	475.64	465.13	16797300	6302440000	466.06
477.76	478.62	474.02	15345200	6339090000	475.37
479.12	479.85	476.12	13105500	6355140000	477.89
477.79	482.12	475.1	15588000	6335400000	479
479.58	479.63	473.01	15437200	6357290000	477.75
479.62	482.35	474.61	16852900	6355700000	479.75
475.48	487.47	475.14	22787800	6299070000	479.36
474.88	477.38	467.78	21447800	6289350000	475.26
481.81	489.83	468.79	30238000	6379410000	474.6
485.13	488.07	482.28	8994050	6421460000	482.28
483.34	488.6	483	10601400	6395630000	484.83
489.67	490.64	481.61	15302500	6477530000	483.34
477.68	493.93	477.09	26081400	6317100000	489.66
476.87	481.71	476.21	13342200	6304370000	477.59
474.48	482.99	472.32	23337900	6270970000	477.43
477.79	485.31	471.91	20432000	6313120000	474.88
502.9	504.88	474.81	44632300	6642630000	477.76
508.59	509.31	501.64	9424070	6715420000	504.25
508.43	511.69	503.82	17624800	6711080000	508.52
510.88	516.16	506.88	19862000	6741320000	507.81
512.19	520.71	510.92	22648500	6756340000	511.15
502.54	512.69	502.54	23235100	6626970000	511.57
508.22	508.22	499.23	18356700	6700090000	502.5
498.29	512.89	497.35	19441700	6567300000	508.29
513.39	514.3	492.11	25171900	6764340000	498.07
517.58	521.48	501.27	36563900	6817460000	514.04
510.45	531.9	510.45	49444200	6721410000	517.24
485.07	518.28	467.51	46527600	6385230000	511.98
461.48	485.71	455.54	38422400	6072520000	485.25
491.51	499.37	443.85	50783800	6465210000	461.46
519.14	520.19	483.63	24300900	6826520000	491.8
497.83	521.48	487.74	22832500	6544250000	519.71
511.14	518.18	487.93	25598300	6717150000	497.01
546.18	546.24	498.73	35803900	7175190000	505.97
570.38	573.03	532.67	25777500	7490990000	546.66
576.51	576.95	566.6	13978200	7569070000	569.64
591.28	591.51	574.05	14764200	7760290000	576.37
589.17	594.46	587.94	7555310	7730000000	591.06
592.47	592.47	587.63	7922070	7770550000	589.37
588.88	598.12	588.79	11072000	7721090000	592.58
584.65	591.1	584.05	11131400	7663290000	588.87
585.95	587.49	583.1	14497900	7678040000	584.65
589.01	589.87	584.1	10790800	7716120000	585.44
586.23	591.95	583.74	9867570	7677850000	588.78
588.89	589.15	581.65	9917990	7710420000	586.67
594.9	594.91	586.15	8359080	7786620000	589.33
586.2	597.92	583.63	18215900	7670500000	594.92
567.37	586.24	564.51	22467900	7421870000	586.24
584.74	585.12	564.9	14898800	7646630000	567.29
585.55	588.38	581.7	11275400	7655040000	584.73
594.14	594.57	575.18	19316400	7765040000	585.69
595.67	598.94	593.43	7774230	7782830000	593.85
601.54	602.09	593.96	10752900	7857510000	595.81
601.51	607.07	597.23	12279500	7854660000	601.09
619.5	620.43	595.57	20917200	8087290000	601.73
621.12	624.43	618.29	11056600	8106260000	619.41
622.27	624.3	620.96	9602880	8119060000	621.55
623.95	624.09	619.11	10711900	8138520000	622.21
628.56	628.56	622.77	5760120	8196210000	623.9
629.17	629.17	624.6	7222030	8201340000	628.51
622.37	629.21	620.47	14158100	8110060000	628.78
616.54	626.29	608.4	16576700	8031440000	623.09
622.01	623.09	615.33	13182400	8100510000	616.8
620	625.14	619.63	10873200	8071770000	621.59
626.56	627.34	617.32	12706800	8155140000	619.32
634.22	634.73	624.91	11291000	8252240000	626.5
631.88	636.66	626.98	13329000	8219370000	633.71
616.66	632.09	615.77	16467100	8019000000	632
624.83	626.12	612.35	15880700	8122830000	616.76
625.22	627	622.6	9819150	8125370000	624.51
622.57	626.7	620.91	10005500	8088590000	624.82
635.46	637.16	617.01	17813600	8253710000	624.09
631.77	638.65	631.16	10080000	8203530000	635.81
629.95	633.22	628	9105940	8177490000	631.46
644.65	648.43	629.4	22237200	8365570000	630.69
650.77	650.77	641.3	18949000	8442770000	645.16
641.04	656.68	638.34	25768200	8314310000	650.88
641.39	657.86	640.11	38446300	8316770000	640.81
602.62	645.15	599.88	46422400	7812050000	639.8
596.33	604.08	596.16	8897470	7728190000	602.72
599.08	604.47	595.92	13398100	7761630000	596.55
581.3	600.12	579.88	20814600	7527840000	597.26
566.14	581.63	564.73	14655900	7329110000	581.14
581.81	583.6	565.63	20687700	7529260000	566.34
593.97	596.97	582.36	14144900	7683850000	582.36
602.16	603.21	586.34	14053800	7787160000	593.98
595.9	606	594.63	10877700	7703560000	602.27
593.68	599.46	587.74	9256290	7672030000	594.99
597.4	599.75	587.76	18134100	7717370000	594.15
608.07	612.24	597.02	12803800	7852650000	598.07
609.77	615.88	604.4	17862000	7872150000	607.96
591.59	610.89	590.4	18597300	7634710000	610.86
592.65	608.72	587.07	28677500	7645650000	592.19
575.93	592.94	554.89	23580900	7427200000	592.94
600.75	601.27	549.82	38481200	7744580000	577.36
585.7	615.14	585.7	35700700	7548170000	600.16
633.43	638.11	573.27	50818800	8160590000	586.95
653.19	657.04	632.55	25163800	8412780000	633.02
650.04	659.62	646.56	17913400	8369550000	653.15
655.64	657.7	644.39	19065400	8439070000	649.16
654.99	658.88	653.47	8614190	8428530000	656.14
653.52	656.94	644.91	15855300	8407050000	654.97
659.28	661.37	652.3	18680100	8478870000	653.7
641.07	663.53	640.09	29621300	8242230000	659.26
666.77	668.56	624.09	37731500	8569660000	641.61
660.55	674.11	650.78	40653700	8486730000	667.61
629.64	665.5	618.75	45450200	8086630000	660.62
623.69	671.51	619.91	45259100	8007450000	630.23
615.69	624.72	604.47	15107100	7902400000	623.68
568.18	618.46	568.16	31985400	7290240000	615.33
576.33	577.1	561.6	18707800	7392820000	568.18
571.91	578.62	564.09	19289000	7333770000	577.06
582.59	589.52	554.43	38032000	7468620000	571.24
571.39	588.39	565.33	29959800	7322870000	583.42
525.23	576.48	525.23	47010300	6729120000	571.59
521.05	525.17	516.28	11499300	6673600000	525.14
525.72	541.96	520.08	34934700	6731160000	520.22
492.05	525.36	490.19	33086500	6297990000	524.58
485.8	494.37	483.49	14626000	6215880000	491.77
446.31	491.44	446.01	40327500	5708560000	485.72
446.08	447.56	443.1	6242620	5703760000	446.18
448.7	449.77	444.78	2857830	5735400000	446.26
448.12	451.98	447.3	2945790	5725990000	448.9
447.39	450.66	444.96	6475100	5714640000	448.06
444.14	449.8	443.63	7362980	5671210000	447.25
440.59	446.66	440.5	9472960	5624310000	443.97
441.53	441.98	436.97	7682670	5634510000	440.67
438.3	442.26	434.23	7383770	5591520000	441.46
453.92	455.34	433.4	12251700	5789010000	438.89
450.46	455.77	448.47	6682600	5742830000	454.43
440.18	452.69	440.14	10347900	5609930000	449.46
438.68	448.4	438.14	9446580	5588990000	440.17
429.34	446.13	428.45	18332200	5468310000	438.82
433.36	448.04	423.25	12507300	5517460000	428.96
434.78	440.97	427.62	10004800	5534140000	433.48
438.52	439.77	430.05	5621260	5580030000	436.4
449.4	449.4	430.68	9849640	5716960000	437.76
457.36	457.93	443.4	10394200	5816390000	449.38
447.63	460.61	447.63	12871800	5690670000	457.76
446.89	451.1	436.7	15244900	5679680000	447.64
439.98	451.64	435.18	16401400	5590030000	447.21
430.72	447.53	422.94	23876600	5470650000	440.29
457.24	459.33	436.39	10949500	5805530000	436.39
461.7	464.54	449.1	12214600	5860330000	458.6
500.09	500.3	442.95	46856500	6345230000	461.45
490.82	500.46	482.95	13009400	6225860000	500.46
488.36	493.25	485.82	9814530	6192560000	491.3
495.45	503.22	487.58	11670900	6280640000	487.92
497.74	510.57	493.2	15171400	6307460000	495.77
501.75	510.87	490.84	12103100	6356070000	498.17
479.58	503.56	470.56	19588200	6073340000	501.56
495.8	498.6	472.74	19042400	6276700000	479.64
529.07	533.52	484.87	34025500	6695650000	495.96
522.18	542.38	502.78	56480100	6606460000	527.39
458.37	519	453.54	49561000	5797070000	515.59
414.83	469.75	407.37	50730200	5244350000	458.79
421.46	427.4	395.25	22493500	5326230000	414.06
420.89	439.61	415.79	19226500	5317310000	421.12
363.71	429.77	351.27	62562800	4593400000	420.95
442.26	443.37	358.73	55868300	5583670000	365.18
453.18	455.73	441.93	13204400	5719730000	442.73
447.61	457.42	446.11	10921600	5648000000	453.09
461.47	462.56	445.12	15616600	5821160000	449.42
463.4	466.32	452.97	10241400	5843670000	460.5
446.68	463.57	444.2	13404500	5630890000	461.91
445.66	454.65	429.09	22925500	5615980000	447.53
436.44	449.56	414.89	40765500	5497550000	444.72
479.14	495.05	431.27	49647600	6032970000	437.14
457	495.34	457	35685800	5752280000	478.38
462.3	483.02	443.37	28254000	5816910000	457
492.37	492.37	444.18	42958300	6193560000	460.27
501.71	504.86	489.73	11147100	6308890000	491.17
477.14	526.02	473.23	58828300	5997850000	495.67
580.26	580.56	471.24	62225400	7291520000	471.24
583.48	590.03	570.96	16401100	7329720000	580.83
585.03	585.44	572.61	14020100	7346810000	583.92
562.51	586.56	551.77	22706900	7061380000	583.41
565.76	570.24	560.88	9288400	7099230000	561.27
571.18	572.55	554.39	17360700	7164770000	565.04
588.29	604.59	561.81	38414100	7376710000	571.49
609.75	609.75	587.49	20572900	7642910000	588.77
613.9	622	609.1	14228900	7692450000	609.89
621.84	622.39	603.8	24011500	7789810000	614.83
630.92	632.68	616.86	14648200	7901040000	622.37
636.5	637.52	628.11	5277290	7968200000	631.11
629.37	639.14	627.3	4342080	7876360000	636.12
638.14	639.53	627.21	11913800	7983980000	628.8
633.62	644.2	630.85	11634900	7924860000	638.14
631.91	648.03	629.51	18621200	7900600000	632.1
627.95	638.42	618.84	11732500	7848450000	634.11
636.33	644.76	615.02	20639800	7950820000	627.79
616.31	643.95	612.35	15396500	7697910000	636.96
629.66	635.14	604.46	18654200	7862010000	617.45
664.31	665.34	616.35	34150800	8291900000	629.15
664.52	669.77	649.79	16068100	8291650000	663.86
666.24	674.28	646.28	22461900	8310510000	665.51
668.24	696.22	655.68	55344600	8332950000	666.78
562.56	702.91	560.52	96056900	7013060000	667.76
567.23	570.48	553.27	7950760	7069290000	559.79
549.92	573.38	539.29	18668100	6851590000	565.61
579.7	584.14	545.17	28076100	7219990000	549.26
581.65	594.05	566.62	25540800	7241560000	578.77
537.04	603.8	532.58	64642700	6683680000	582.69
540.24	541.38	420.41	126314000	6721330000	538.71
606.04	607.61	538.7	57893900	7537080000	546.32
606.47	639.91	599.7	31434400	7539890000	605.82
574.24	614.48	558.58	31254000	7136600000	605.42
556.88	582.96	530.47	47308100	6918730000	574.16
623.09	627.73	556.14	46905000	7738580000	556.14
625.97	631.77	618.7	13897800	7771210000	623.03
627.16	645.76	612.54	20015100	7783430000	626.6
614.23	656.95	607.31	31948400	7620580000	626.27
651.3	665.1	584.17	40061700	8077340000	616.63
660.9	661.84	632.84	26709200	8193290000	650.92
601.17	691.72	541.04	102506000	7449940000	661.99
651.08	657.99	601.91	38588100	8065550000	605.24
672.38	672.9	643.04	25367600	8326420000	651.72
683.5	712.46	636.66	72745200	8461320000	672.17
681.32	703.71	550.5	112758000	8431680000	681.03
671.46	712.27	655.25	39311400	8307340000	682.9
699.57	721.82	661.87	38742600	8651930000	673.92
783.2	783.2	654.35	113643000	9683190000	712.4
815.59	819.81	770.59	50108700	10079900000	781.55
829.96	837.32	811.91	22395100	10254100000	811.91
823.77	840.17	820.94	16609700	10174000000	827.96
824.08	826.48	807.22	13940100	10174100000	823.83
832.9	844.72	820.67	11300900	10279200000	825.37
828.61	853.52	827.11	19668700	10222300000	832.58
818.43	831.87	812.6	17107900	10092900000	829.92
826.02	830.5	799.06	29918200	10182900000	819.03
809.96	836.87	809.85	17984400	9981850000	826
774.02	832.5	766.98	44875500	9535950000	812.51
884.6	893	757.11	49233600	10894400000	771.39
853.68	897.02	844.86	32224300	10510400000	885.28
796.24	861.45	792.96	24303900	9799920000	853.61
822.43	822.43	783.58	34912000	10118400000	797.07
845.46	851.57	819.32	15607100	10398000000	822.04
867.21	870.15	837.36	18453700	10661400000	845.59
869.65	881.2	855.93	18997300	10687700000	863.91
871.39	886.39	853.87	27652700	10704800000	870.2
839.66	870.96	825.53	24365700	10311500000	870.96
816.07	841.49	816.07	18052700	10018200000	840
834.49	842.91	797.63	39031700	10241200000	814.64
860.29	866.16	835.63	19149300	10553800000	835.63
833.12	872.81	830.86	28107200	10216700000	860.9
843.17	855.69	825.66	20829800	10336500000	833.27
860.19	861.29	806.05	45580900	10541500000	841.2
919.6	928.52	851.17	39623500	11264800000	863.22
867.32	921.48	861.72	44754200	10619900000	913.95
846.69	871.19	822.6	31876800	10363300000	868.48
841.47	864.36	804.14	59998600	10295100000	846.86
795.99	870.68	776.18	74175600	9734800000	842.72
946.49	965.74	802	81311700	11571400000	802
936.05	1017.12	905.71	85565700	11410400000	953.29
858.55	952.4	854.52	72898500	10465700000	933.53
823.27	859.51	801.67	38005000	10035600000	859.51
802.85	834.15	789.12	37810100	9786680000	818.72
773.44	820.31	767.21	38489500	9428180000	802.39
754.97	775.35	754.97	22489400	9203030000	771.4
760.32	760.58	738.17	20897300	9268240000	754.01
741.35	766.6	740.24	20707700	9037000000	756.13
728.05	748.61	714.44	19011300	8872600000	745.05
737.98	747.06	705.35	32505800	8990850000	727.83
763.28	777.51	713.6	46862700	9295570000	735.07
